
1	100	0.7401194706180443	0.569635908385637	0.4282325723956655	0.569883351007423	10158.0	
1	200	0.7365652678574216	0.577291643002203	0.44498560683453403	0.5773064687168611	9834.0	
1	300	0.7207466775435147	0.5733056006866543	0.4413210020350526	0.5735949098621421	12325.0	
1	400	0.7196518350753199	0.569690185170813	0.43798737707680446	0.569883351007423	13730.0	
1	500	0.6800410269392456	0.5671068942675161	0.43574760218193404	0.5673382820784729	14884.0	
1	600	0.6729780740853928	0.5611362761939678	0.4264060355835186	0.5613997879109226	16557.0	
1	700	0.5495829170908612	0.5577611921059926	0.43205097322810815	0.5579003181336161	17869.0	
1	800	0.5562498552818653	0.5638243932004492	0.445661851183529	0.5638388123011664	18653.0	
1	900	0.5437718035089654	0.5602478854621059	0.447072067703073	0.5600212089077412	20393.0	
1	1000	0.5350251227544813	0.5634760645662183	0.4524421790069194	0.5637327677624602	21824.0	
1	2000	0.4823465224288107	0.5566528351607036	0.4578055501980674	0.5569459172852598	27300.0	
1	2500	0.49732894113805576	0.5620450446393764	0.48400762100168554	0.56203605514316	31978.0	
1	3000	0.5113853880227108	0.5706018523128338	0.5002677414783463	0.5705196182396607	32851.0	
1	4000	0.5237145439005131	0.5743556260895752	0.5225397806213982	0.5744432661717921	41967.0	
1	4941	0.0	0.0	0.0	0.0	0.0	
2	100	0.6301881685146382	0.5580299480654298	0.4076389550818792	0.558324496288441	24940.0	
2	200	0.6349601504222498	0.5561264673768769	0.40900796110029247	0.5564156945917285	26531.0	
2	300	0.5802792844936725	0.5556167433936475	0.4133160591603054	0.5558854718981973	28175.0	
2	400	0.5806508739975925	0.5605339949960676	0.4278472503135037	0.5607635206786851	29546.0	
2	500	0.4822012487533936	0.5522161080179234	0.4278738057905344	0.5522799575821844	31561.0	
2	600	0.5270726021387414	0.5635213907153951	0.4458085269795845	0.5638388123011665	32656.0	
2	700	0.5315610754015843	0.5656176906007164	0.45232412980284636	0.565747613997879	35971.0	
2	800	0.5242316867913412	0.5605752991455127	0.45048687111691044	0.5606574761399787	35842.0	
2	900	0.4871413187867836	0.552236043537962	0.4412201066700344	0.5523860021208907	38897.0	
2	1000	0.49834689487669664	0.5547251121521708	0.4515435196096873	0.5550371155885472	39195.0	
2	2000	0.5148464810504262	0.5722168676406045	0.5187085561357377	0.5721102863202544	44529.0	
2	2500	0.5333142728514103	0.5825095191752621	0.5364874471124879	0.5822905620360552	48368.0	
2	3000	0.5401911881877024	0.5816276972856922	0.5449793647788322	0.5815482502651113	52513.0	
2	3741	0.0	0.0	0.0	0.0	0.0	
3	100	0.38345162852185444	0.5568201723056734	0.4029839786213117	0.5569459172852598	38832.0	
3	200	0.4373279987088611	0.5549128012377207	0.4065404231472036	0.5551431601272535	40856.0	
3	300	0.5595160753475303	0.5585834814858742	0.4214686981154099	0.5586426299045599	41938.0	
3	400	0.4787848951473553	0.5528249222924	0.4234492267104728	0.5529162248144222	42172.0	
3	500	0.48409940065971496	0.5505325631613163	0.43099709973702316	0.5506892895015907	43206.0	
3	600	0.4914293123210549	0.552217847856366	0.4405219769468342	0.552492046659597	45235.0	
3	700	0.49197175914827274	0.5557452103644814	0.4790986972194579	0.5557794273594909	47759.0	
3	800	0.5042734637321538	0.5602145408384066	0.5155117605251254	0.5603393425238601	49670.0	
3	900	0.5059467410490166	0.5611880967350665	0.5178066998122952	0.56118769883351	49595.0	
3	1000	0.5066339185033429	0.5609980868749948	0.5179672486762537	0.5610816542948039	51274.0	
3	2000	0.5461201007031931	0.5864067614981204	0.5539965794962141	0.5864262990455992	60117.0	
3	2500	0.5414904532848948	0.5784882926825164	0.5490414536756015	0.5783669141039237	69080.0	
3	3000	0.5415860729798307	0.5801779906443492	0.5500478395405108	0.5800636267232238	65640.0	
3	3085	0.0	0.0	0.0	0.0	0.0	
4	100	0.4288309027279835	0.5571526058649902	0.4042375474152749	0.5573700954400849	52480.0	
4	200	0.4013681820034173	0.5569031182435744	0.41284352859448425	0.557051961823966	51298.0	
4	300	0.4937946899567088	0.5539313502724682	0.4236922241454205	0.5544008483563097	55456.0	
4	400	0.4905276176311073	0.5549123747820889	0.4314040107742649	0.5552492046659597	57194.0	
4	500	0.5082918468724611	0.5602635439952477	0.5018980701167768	0.5602332979851538	59020.0	
4	600	0.5011782608563189	0.5600414837828837	0.5170937883848733	0.5605514316012725	58607.0	
4	700	0.5200566937173166	0.5673188699104802	0.5309174226257378	0.5665959703075292	61576.0	
4	800	0.5066010420285292	0.5626589110581947	0.5223128636825856	0.5622481442205726	64780.0	
4	900	0.5244428136325615	0.5697480385915376	0.5373933636949912	0.5693531283138918	66785.0	
4	1000	0.5189274667754517	0.5689060832348715	0.5334424573098955	0.5688229056203606	68920.0	
4	2000	0.5468633133778822	0.581768978523713	0.5548885186600347	0.5819724284199363	75894.0	
4	2500	0.5493484796631918	0.583427950289107	0.5567517345362133	0.5836691410392365	75776.0	
4	2689	0.0	0.0	0.0	0.0	0.0	
5	100	0.42073681451272604	0.5556546981390479	0.40252814468837156	0.5559915164369035	64463.0	
5	200	0.5044425960344368	0.5583717111098585	0.4184755375118889	0.5585365853658536	68229.0	
5	300	0.49069514761281025	0.5552252871521539	0.4263114142337649	0.5555673382820784	67334.0	
5	400	0.5019025631085289	0.5614347310332651	0.4995247784731028	0.5602332979851538	68600.0	
5	500	0.5138264288888855	0.5662397605043894	0.5276170991169646	0.5646871686108165	71817.0	
5	600	0.523801155592937	0.5675155777438081	0.5357279117643159	0.5674443266171793	74260.0	
5	700	0.523541361085287	0.5695817371694704	0.5360875094343044	0.5685047720042418	77615.0	
5	800	0.5263369757583825	0.5733660092885445	0.5397459226775965	0.5735949098621421	74939.0	
5	900	0.5370619774983802	0.5823223604715537	0.5501702682149149	0.5819724284199363	78894.0	
5	1000	0.5386783731025094	0.5850878722272443	0.5518959062893859	0.5845174973488865	76818.0	
5	2000	0.5467207494848045	0.5782889842170938	0.5539694285969691	0.5783669141039237	87932.0	
5	2409	0.0	0.0	0.0	0.0	0.0	