364	213	
85	1338	

precision	recall	f1
0.8106904231625836	0.6308492201039861	0.7095516569200779
0.8626692456479691	0.9402670414617006	0.8997982515131138

0.8469235988465976	0.8465368741321455	0.8421679409290699

correctSum	accuracy
1702	0.851


364	213	
85	1338	

precision	recall	f1
0.8106904231625836	0.6308492201039861	0.7095516569200779
0.8626692456479691	0.9402670414617006	0.8997982515131138

0.8469235988465976	0.8465368741321455	0.8421679409290699

correctSum	accuracy
1702	0.851


364	213	
85	1338	

precision	recall	f1
0.8106904231625836	0.6308492201039861	0.7095516569200779
0.8626692456479691	0.9402670414617006	0.8997982515131138

0.8469235988465976	0.8465368741321455	0.8421679409290699

correctSum	accuracy
1702	0.851


	213	
85	1338	

precision	recall	f1
0.8106904231625836	0.6308492201039861	0.7095516569200779
0.8626692456479691	0.9402670414617006	0.8997982515131138

0.8469235988465976	0.8465368741321455	0.8421679409290699

correctSum	accuracy
1702	0.851



85	1338	

precision	recall	f1
0.8106904231625836	0.6308492201039861	0.7095516569200779
0.8626692456479691	0.9402670414617006	0.8997982515131138

0.8469235988465976	0.8465368741321455	0.8421679409290699

correctSum	accuracy
1702	0.851


