46	1	26	4	58	
10	0	18	1	37	
12	2	34	16	171	
4	0	26	55	317	
13	14	62	76	884	

precision	recall	f1
0.5411764705882353	0.34074074074074073	0.4181818181818182
0.0	0.0	0.0
0.20481927710843373	0.14468085106382977	0.16957605985037405
0.3618421052631579	0.13681592039800994	0.19855595667870035
0.6025903203817314	0.8427073403241182	0.7027027027027027

0.47918367353357216	0.5405048610464168	0.4854568158816608

correctSum	accuracy
1019	0.5400105988341283


222	2	106	16	297	
19	16	62	14	187	
32	0	204	46	531	
30	5	114	336	1126	
52	53	159	213	3702	

precision	recall	f1
0.6253521126760564	0.3452566096423017	0.44488977955911824
0.21052631578947367	0.053691275167785234	0.08556149732620322
0.31627906976744186	0.25092250922509224	0.27983539094650206
0.5376	0.2085661080074488	0.30053667262969586
0.6335786411090193	0.8858578607322326	0.738774695669527

0.5614114732561705	0.5936871498692243	0.5447637115041399

correctSum	accuracy
4480	0.5938494167550371


