377	231	
92	1300	

precision	recall	f1
0.8038379530916845	0.6200657894736842	0.7000928505106778
0.8491182233834096	0.9339080459770115	0.8894970920287377

0.8355771478012929	0.8400534446507852	0.8328557086304975

correctSum	accuracy
1677	0.8385


377	231	
92	1300	

precision	recall	f1
0.8038379530916845	0.6200657894736842	0.7000928505106778
0.8491182233834096	0.9339080459770115	0.8894970920287377

0.8355771478012929	0.8400534446507852	0.8328557086304975

correctSum	accuracy
1677	0.8385


	231	
92	1300	

precision	recall	f1
0.8038379530916845	0.6200657894736842	0.7000928505106778
0.8491182233834096	0.9339080459770115	0.8894970920287377

0.8355771478012929	0.8400534446507852	0.8328557086304975

correctSum	accuracy
1677	0.8385


77	231	
92	1300	

precision	recall	f1
0.8038379530916845	0.6200657894736842	0.7000928505106778
0.8491182233834096	0.9339080459770115	0.8894970920287377

0.8355771478012929	0.8400534446507852	0.8328557086304975

correctSum	accuracy
1677	0.8385


377	231	
92	1300	

precision	recall	f1
0.8038379530916845	0.6200657894736842	0.7000928505106778
0.8491182233834096	0.9339080459770115	0.8894970920287377

0.8355771478012929	0.8400534446507852	0.8328557086304975

correctSum	accuracy
1677	0.8385


