70	8	11	5	62	
17	2	17	12	27	
18	14	26	43	108	
11	21	30	80	256	
13	42	25	67	901	

precision	recall	f1
0.5426356589147286	0.44871794871794873	0.49122807017543857
0.022988505747126436	0.02666666666666667	0.024691358024691353
0.23853211009174313	0.12440191387559808	0.16352201257861637
0.3864734299516908	0.20100502512562815	0.2644628099173553
0.6654357459379616	0.8597328244274809	0.7502081598667777

0.523438481624878	0.5710621642004643	0.5317633893935652

correctSum	accuracy
1079	0.5721102863202545


